           0           0           0
   0.0323165           0           0
    0.064633           0           0
   0.0969496           0           0
    0.129266           0           0
    0.161583           0           0
    0.193899           0           0
    0.226216           0           0
    0.258532           0           0
    0.290849           0           0
    0.323165           0           0
    0.355482           0           0
    0.387798           0           0
    0.420115           0           0
    0.452431           0           0
    0.484748           0           0
    0.517064           0           0
    0.549381           0           0
    0.581697           0           0
    0.614014           0           0
     0.64633           0           0
    0.678647           0           0
    0.710963           0           0
     0.74328           0           0
    0.775596           0           0
    0.807913           0           0
     0.84023     4.8e-05 2.59969e-05
    0.872546    0.002688 0.000357427
    0.904863    0.076368  0.00165256
    0.937179      0.5004  0.00417327
    0.969496     1.57963  0.00800029
     1.00181     3.09547   0.0168945
     1.03413     4.56731   0.0212841
     1.06645     5.63338   0.0190243
     1.09876     6.21187   0.0211678
     1.13108     6.48643   0.0237197
     1.16339      6.5569   0.0196117
     1.19571     6.50162   0.0189777
     1.22803      6.4289   0.0204101
     1.26034     6.33507   0.0185222
     1.29266     6.23304   0.0222036
     1.32498     6.17874   0.0178322
     1.35729      6.1336   0.0153913
     1.38961     6.15088    0.018143
     1.42193     6.15912    0.017183
     1.45424     6.22472   0.0225883
     1.48656     6.27486   0.0198254
     1.51888     6.36096   0.0172851
     1.55119     6.46579   0.0193949
     1.58351     6.59914   0.0196333
     1.61583      6.7116   0.0194569
     1.64814      6.8567   0.0159596
     1.68046     7.03074   0.0171813
     1.71278      7.2156   0.0210498
     1.74509     7.42797   0.0236719
     1.77741     7.63117   0.0203776
     1.80973     7.83552   0.0181537
     1.84204     8.04549   0.0277726
     1.87436     8.36326    0.023352
     1.90667     8.57091    0.027871
     1.93899     8.87274   0.0217499
     1.97131     9.12738   0.0237706
     2.00362     9.43512   0.0236798
     2.03594     9.70325   0.0269084
     2.06826     9.99518   0.0238378
     2.10057     10.3157   0.0336395
     2.13289     10.6249    0.029347
     2.16521     10.9012    0.034474
     2.19752      11.228   0.0256233
     2.22984     11.5715   0.0308911
     2.26216     11.8183   0.0294548
     2.29447     12.1698   0.0290476
     2.32679     12.4371   0.0317077
     2.35911       12.73   0.0356222
     2.39142     13.0783   0.0335297
     2.42374     13.3928   0.0304538
     2.45606     13.7454   0.0370825
     2.48837     14.0142   0.0367146
     2.52069     14.3555   0.0429665
     2.55301     14.7294   0.0397153
     2.58532     15.0531   0.0321608
     2.61764     15.3909   0.0374282
     2.64995      15.756   0.0420521
     2.68227     16.0861   0.0367755
     2.71459     16.4619   0.0364215
      2.7469     16.8585   0.0363264
     2.77922       17.19   0.0434877
     2.81154     17.5935   0.0428292
     2.84385     17.9935   0.0342045
     2.87617     18.3656   0.0431813
     2.90849     18.7552   0.0420756
      2.9408     19.1236   0.0412414
     2.97312     19.5359   0.0468689
     3.00544     19.9348   0.0463022
     3.03775     20.4033   0.0411333
     3.07007     20.8005   0.0452791
     3.10239     21.2553   0.0444376
      3.1347     21.6503   0.0494859
     3.16702     22.1095   0.0397035
     3.19934     22.5158   0.0405975
     3.23165     23.0162    0.041481
     3.26397      23.389   0.0500767
     3.29629      23.886   0.0462901
      3.3286      24.333   0.0463152
     3.36092     24.8194    0.045084
     3.39323     25.2658   0.0529073
     3.42555      25.774   0.0434335
     3.45787     26.1903   0.0449704
     3.49018     26.6919   0.0434541
      3.5225     27.2201   0.0420525
     3.55482     27.6572   0.0523807
     3.58713     28.2204    0.050132
     3.61945       28.68   0.0529652
     3.65177     29.1531   0.0479124
     3.68408     29.6845   0.0547043
      3.7164     30.2052   0.0471517
     3.74872     30.7386   0.0542781
     3.78103     31.3046   0.0514537
     3.81335     31.8203   0.0518311
     3.84567     32.3503   0.0542376
     3.87798     32.8573   0.0511451
      3.9103     33.4247   0.0523754
     3.94262     33.9516   0.0552334
     3.97493     34.4822   0.0536642
     4.00725      35.001   0.0469125
     4.03957     35.6305   0.0606012
     4.07188     36.1257   0.0590668
      4.1042     36.7116    0.055651
     4.13651     37.3038   0.0495377
     4.16883     37.9106   0.0467255
     4.20115     38.4764   0.0537641
     4.23346     39.0684   0.0552698
     4.26578     39.6887   0.0620031
      4.2981     40.2684   0.0508726
     4.33041     40.8502   0.0544585
     4.36273      41.474    0.061347
     4.39505     42.0802   0.0498301
     4.42736      42.635   0.0692995
     4.45968      43.338   0.0542877
       4.492     43.9828   0.0593789
     4.52431     44.5694   0.0637942
     4.55663     45.2713   0.0441211
     4.58895     45.8518    0.041358
     4.62126     46.4458   0.0412464
     4.65358     47.1875   0.0527753
      4.6859       47.76   0.0495883
     4.71821     48.4905   0.0577945
     4.75053     49.1534   0.0590287
     4.78285     49.7783   0.0647682
     4.81516      50.389   0.0613779
     4.84748     51.0679   0.0473429
     4.87979     51.8104   0.0598854
     4.91211      52.494   0.0465321
     4.94443     53.1712   0.0563804
     4.97674     53.8108   0.0571248
     5.00906     54.5777   0.0490952
     5.04138     55.2987   0.0559896
     5.07369     55.9737    0.050335
     5.10601     56.6792   0.0563624
     5.13833      57.356    0.068778
     5.17064     58.1309   0.0574959
     5.20296     58.8792   0.0604378
     5.23528     59.5987   0.0470398
     5.26759     60.2964    0.051266
     5.29991     61.0478   0.0621619
     5.33223     61.7944   0.0491882
     5.36454     62.5368   0.0592703
     5.39686     63.2859   0.0608328
     5.42918     63.9442   0.0478274
     5.46149     64.8726   0.0641227
     5.49381     65.6614   0.0592971
     5.52612     66.3117   0.0499608
     5.55844     67.1151   0.0556776
     5.59076     67.9142   0.0464634
     5.62307     68.6175   0.0625318
     5.65539     69.5433   0.0588798
     5.68771     70.2255   0.0608664
     5.72002     71.0648   0.0515859
     5.75234     71.9144   0.0621913
     5.78466     72.7764   0.0406572
     5.81697     73.5747   0.0424108
     5.84929     74.3375   0.0619119
     5.88161     75.2249   0.0605869
     5.91392       76.01   0.0608408
     5.94624     76.8401   0.0533456
     5.97856     77.6563   0.0499062
     6.01087     78.4573   0.0595582
     6.04319     79.3191   0.0618216
     6.07551     80.2149   0.0517136
     6.10782     81.0642   0.0643152
     6.14014     81.9075   0.0508533
     6.17246     82.7587   0.0572826
     6.20477     83.6614   0.0593257
     6.23709     84.5236    0.059827
      6.2694     85.3928   0.0610092
     6.30172     86.3441   0.0616982
     6.33404     87.1808   0.0573801
     6.36635     88.0583   0.0580405
     6.39867     88.9307   0.0659713
     6.43099     89.8315   0.0592431
