97.46
93.06
113.28
107.7
87.08
116.7
84.66
97.02
87.78
96.38
113.7
141.74
95.82
102.96
112.46
109.12
91.68
94.1
92.8
83.64
122.64
93.24
86.9
92.16
108.94
111.96
97.98
115
87.8
90.32
80.24
133.18
104.44
117.84
66.12
87.02
102.36
97.38
100.48
85.3
86.72
94.94
97.68
108.98
88.22
112.8
117.82
83.82
109.54
105.34
88.02
101.08
113.74
117.3
84.76
104.32
90.4
116.02
96.26
111.56
116.14
111.74
104.06
100.78
102.62
99.08
107.46
80.98
91.78
108.66
83.44
98.46
94.62
92.64
90.56
108.76
102.82
88.7
84.3
94.28
77.38
99.24
93.68
113.36
111.04
97.28
74.64
98.62
108.52
110.32
67.94
97.72
91.2
97.52
128.48
102.88
94.3
99.2
88.54
100.76
